0.010000 0.000001
0.020000 0.000002
0.030000 0.000003
0.040000 0.000004
0.050000 0.000005
0.060000 0.000006
0.070000 0.000007
0.080000 0.000008
0.090000 0.000009
0.100000 0.000010
0.110000 0.000011
0.120000 0.000012
0.130000 0.000013
0.140000 0.000014
0.150000 0.000015
0.160000 0.000016
0.170000 0.000017
0.180000 0.000018
0.190000 0.000019
0.200000 0.000020
0.210000 0.000021
0.220000 0.000022
0.230000 0.000023
0.240000 0.000024
0.250000 0.000025
0.260000 0.000026
0.270000 0.000027
0.280000 0.000028
0.290000 0.000029
0.300000 0.000030
0.310000 0.000031
0.320000 0.000032
0.330000 0.000033
0.340000 0.000034
0.350000 0.000035
0.360000 0.000036
0.370000 0.000037
0.380000 0.000038
0.390000 0.000039
0.400000 0.000041
0.410000 0.000042
0.420000 0.000043
0.430000 0.000044
0.440000 0.000045
0.450000 0.000046
0.460000 0.000047
0.470000 0.000048
0.480000 0.000049
0.490000 0.000050
0.500000 0.000051
0.510000 0.000052
0.520000 0.000053
0.530000 0.000054
0.540000 0.000055
0.550000 0.000056
0.560000 0.000057
0.570000 0.000058
0.580000 0.000060
0.590000 0.000061
0.600000 0.000062
0.610000 0.000063
0.620000 0.000064
0.630000 0.000065
0.640000 0.000066
0.650000 0.000067
0.660000 0.000068
0.670000 0.000069
0.680000 0.000070
0.690000 0.000072
0.700000 0.000073
0.710000 0.000074
0.720000 0.000075
0.730000 0.000076
0.740000 0.000077
0.750000 0.000078
0.760000 0.000079
0.770000 0.000081
0.780000 0.000082
0.790000 0.000083
0.800000 0.000084
0.810000 0.000085
0.820000 0.000086
0.830000 0.000087
0.840000 0.000088
0.850000 0.000090
0.860000 0.000091
0.870000 0.000092
0.880000 0.000093
0.890000 0.000094
0.900000 0.000095
0.910000 0.000097
0.920000 0.000098
0.930000 0.000099
0.940000 0.000100
0.950000 0.000101
0.960000 0.000102
0.970000 0.000104
0.980000 0.000105
0.990000 0.000106
1.000000 0.000107
1.010000 0.000108
1.020000 0.000110
1.030000 0.000111
1.040000 0.000112
1.050000 0.000113
1.060000 0.000114
1.070000 0.000116
1.080000 0.000117
1.090000 0.000118
1.100000 0.000119
1.110000 0.000121
1.120000 0.000122
1.130000 0.000123
1.140000 0.000124
1.150000 0.000125
1.160000 0.000127
1.170000 0.000128
1.180000 0.000129
1.190000 0.000130
1.200000 0.000132
1.210000 0.000133
1.220000 0.000134
1.230000 0.000135
1.240000 0.000137
1.250000 0.000138
1.260000 0.000139
1.270000 0.000140
1.280000 0.000142
1.290000 0.000143
1.300000 0.000144
1.310000 0.000145
1.320000 0.000147
1.330000 0.000148
1.340000 0.000149
1.350000 0.000150
1.360000 0.000152
1.370000 0.000153
1.380000 0.000154
1.390000 0.000155
1.400000 0.000157
1.410000 0.000158
1.420000 0.000159
1.430000 0.000160
1.440000 0.000162
1.450000 0.000163
1.460000 0.000164
1.470000 0.000166
1.480000 0.000167
1.490000 0.000168
1.500000 0.000169
1.510000 0.000171
1.520000 0.000172
1.530000 0.000173
1.540000 0.000174
1.550000 0.000176
1.560000 0.000177
1.570000 0.000178
1.580000 0.000179
1.590000 0.000181
1.600000 0.000182
1.610000 0.000183
1.620000 0.000184
1.630000 0.000185
1.640000 0.000187
1.650000 0.000188
1.660000 0.000189
1.670000 0.000190
1.680000 0.000192
1.690000 0.000193
1.700000 0.000194
1.710000 0.000195
1.720000 0.000196
1.730000 0.000198
1.740000 0.000199
1.750000 0.000200
1.760000 0.000201
1.770000 0.000202
1.780000 0.000204
1.790000 0.000205
1.800000 0.000206
1.810000 0.000207
1.820000 0.000208
1.830000 0.000209
1.840000 0.000210
1.850000 0.000212
1.860000 0.000213
1.870000 0.000214
1.880000 0.000215
1.890000 0.000216
1.900000 0.000217
1.910000 0.000218
1.920000 0.000219
1.930000 0.000220
1.940000 0.000221
1.950000 0.000222
1.960000 0.000223
1.970000 0.000224
1.980000 0.000225
1.990000 0.000226
2.000000 0.000227
2.010000 0.000228
2.020000 0.000229
2.030000 0.000230
2.040000 0.000231
2.050000 0.000232
2.060000 0.000233
2.070000 0.000234
2.080000 0.000235
2.090000 0.000236
2.100000 0.000236
2.110000 0.000237
2.120000 0.000238
2.130000 0.000239
2.140000 0.000240
2.150000 0.000241
2.160000 0.000241
2.170000 0.000242
2.180000 0.000243
2.190000 0.000243
2.200000 0.000244
2.210000 0.000245
2.220000 0.000246
2.230000 0.000246
2.240000 0.000247
2.250000 0.000247
2.260000 0.000248
2.270000 0.000249
2.280000 0.000249
2.290000 0.000250
2.300000 0.000250
2.310000 0.000251
2.320000 0.000251
2.330000 0.000252
2.340000 0.000252
2.350000 0.000252
2.360000 0.000253
2.370000 0.000253
2.380000 0.000254
2.390000 0.000254
2.400000 0.000254
2.410000 0.000254
2.420000 0.000255
2.430000 0.000255
2.440000 0.000255
2.450000 0.000255
2.460000 0.000255
2.470000 0.000255
2.480000 0.000256
2.490000 0.000256
2.500000 0.000256
2.510000 0.000256
2.520000 0.000256
2.530000 0.000256
2.540000 0.000256
2.550000 0.000255
2.560000 0.000255
2.570000 0.000255
2.580000 0.000255
2.590000 0.000255
2.600000 0.000254
2.610000 0.000254
2.620000 0.000254
2.630000 0.000254
2.640000 0.000253
2.650000 0.000253
2.660000 0.000252
2.670000 0.000252
2.680000 0.000251
2.690000 0.000251
2.700000 0.000250
2.710000 0.000250
2.720000 0.000249
2.730000 0.000248
2.740000 0.000248
2.750000 0.000247
2.760000 0.000246
2.770000 0.000245
2.780000 0.000245
2.790000 0.000244
2.800000 0.000243
2.810000 0.000242
2.820000 0.000241
2.830000 0.000240
2.840000 0.000239
2.850000 0.000238
2.860000 0.000237
2.870000 0.000235
2.880000 0.000234
2.890000 0.000233
2.900000 0.000232
2.910000 0.000230
2.920000 0.000229
2.930000 0.000228
2.940000 0.000226
2.950000 0.000225
2.960000 0.000223
2.970000 0.000222
2.980000 0.000220
2.990000 0.000219
3.000000 0.000217
3.010000 0.000215
3.020000 0.000214
3.030000 0.000212
3.040000 0.000210
3.050000 0.000208
3.060000 0.000206
3.070000 0.000204
3.080000 0.000202
3.090000 0.000200
3.100000 0.000198
3.110000 0.000196
3.120000 0.000194
3.130000 0.000192
3.140000 0.000190
3.150000 0.000188
3.160000 0.000186
3.170000 0.000183
3.180000 0.000181
3.190000 0.000179
3.200000 0.000176
3.210000 0.000174
3.220000 0.000171
3.230000 0.000169
3.240000 0.000166
3.250000 0.000164
3.260000 0.000161
3.270000 0.000158
3.280000 0.000156
3.290000 0.000153
3.300000 0.000150
3.310000 0.000147
3.320000 0.000145
3.330000 0.000142
3.340000 0.000139
3.350000 0.000136
3.360000 0.000133
3.370000 0.000130
3.380000 0.000127
3.390000 0.000124
3.400000 0.000121
3.410000 0.000118
3.420000 0.000115
3.430000 0.000112
3.440000 0.000108
3.450000 0.000105
3.460000 0.000102
3.470000 0.000099
3.480000 0.000096
3.490000 0.000092
3.500000 0.000089
3.510000 0.000086
3.520000 0.000082
3.530000 0.000079
3.540000 0.000075
3.550000 0.000072
3.560000 0.000068
3.570000 0.000065
3.580000 0.000062
3.590000 0.000058
3.600000 0.000054
3.610000 0.000051
3.620000 0.000047
3.630000 0.000044
3.640000 0.000040
3.650000 0.000037
3.660000 0.000033
3.670000 0.000029
3.680000 0.000026
3.690000 0.000022
3.700000 0.000019
3.710000 0.000015
3.720000 0.000011
3.730000 0.000008
3.740000 0.000004
3.750000 0.000000
3.760000 -0.000003
3.770000 -0.000007
3.780000 -0.000010
3.790000 -0.000014
3.800000 -0.000018
3.810000 -0.000021
3.820000 -0.000025
3.830000 -0.000029
3.840000 -0.000032
3.850000 -0.000036
3.860000 -0.000039
3.870000 -0.000043
3.880000 -0.000047
3.890000 -0.000050
3.900000 -0.000054
3.910000 -0.000057
3.920000 -0.000061
3.930000 -0.000064
3.940000 -0.000068
3.950000 -0.000071
3.960000 -0.000074
3.970000 -0.000078
3.980000 -0.000081
3.990000 -0.000084
4.000000 -0.000088
4.010000 -0.000091
4.020000 -0.000094
4.030000 -0.000097
4.040000 -0.000101
4.050000 -0.000104
4.060000 -0.000107
4.070000 -0.000110
4.080000 -0.000113
4.090000 -0.000116
4.100000 -0.000119
4.110000 -0.000122
4.120000 -0.000124
4.130000 -0.000127
4.140000 -0.000130
4.150000 -0.000133
4.160000 -0.000135
4.170000 -0.000138
4.180000 -0.000140
4.190000 -0.000143
4.200000 -0.000145
4.210000 -0.000148
4.220000 -0.000150
4.230000 -0.000152
4.240000 -0.000154
4.250000 -0.000156
4.260000 -0.000159
4.270000 -0.000161
4.280000 -0.000163
4.290000 -0.000164
4.300000 -0.000166
4.310000 -0.000168
4.320000 -0.000170
4.330000 -0.000171
4.340000 -0.000173
4.350000 -0.000174
4.360000 -0.000176
4.370000 -0.000177
4.380000 -0.000178
4.390000 -0.000179
4.400000 -0.000180
4.410000 -0.000181
4.420000 -0.000182
4.430000 -0.000183
4.440000 -0.000184
4.450000 -0.000184
4.460000 -0.000185
4.470000 -0.000186
4.480000 -0.000186
4.490000 -0.000186
4.500000 -0.000187
4.510000 -0.000187
4.520000 -0.000187
4.530000 -0.000187
4.540000 -0.000187
4.550000 -0.000187
4.560000 -0.000186
4.570000 -0.000186
4.580000 -0.000186
4.590000 -0.000185
4.600000 -0.000184
4.610000 -0.000184
4.620000 -0.000183
4.630000 -0.000182
4.640000 -0.000181
4.650000 -0.000180
4.660000 -0.000179
4.670000 -0.000178
4.680000 -0.000176
4.690000 -0.000175
4.700000 -0.000173
4.710000 -0.000172
4.720000 -0.000170
4.730000 -0.000168
4.740000 -0.000167
4.750000 -0.000165
4.760000 -0.000163
4.770000 -0.000161
4.780000 -0.000158
4.790000 -0.000156
4.800000 -0.000154
4.810000 -0.000151
4.820000 -0.000149
4.830000 -0.000146
4.840000 -0.000144
4.850000 -0.000141
4.860000 -0.000138
4.870000 -0.000135
4.880000 -0.000132
4.890000 -0.000129
4.900000 -0.000126
4.910000 -0.000123
4.920000 -0.000120
4.930000 -0.000116
4.940000 -0.000113
4.950000 -0.000110
4.960000 -0.000106
4.970000 -0.000102
4.980000 -0.000099
4.990000 -0.000095
5.000000 -0.000091
5.010000 -0.000088
5.020000 -0.000084
5.030000 -0.000080
5.040000 -0.000076
5.050000 -0.000072
5.060000 -0.000068
5.070000 -0.000064
5.080000 -0.000060
5.090000 -0.000056
5.100000 -0.000052
5.110000 -0.000047
5.120000 -0.000043
5.130000 -0.000039
5.140000 -0.000035
5.150000 -0.000030
5.160000 -0.000026
5.170000 -0.000022
5.180000 -0.000017
5.190000 -0.000013
5.200000 -0.000009
5.210000 -0.000004
5.220000 -0.000000
5.230000 0.000004
5.240000 0.000009
5.250000 0.000013
5.260000 0.000017
5.270000 0.000022
5.280000 0.000026
5.290000 0.000030
5.300000 0.000035
5.310000 0.000039
5.320000 0.000043
5.330000 0.000047
5.340000 0.000051
5.350000 0.000056
5.360000 0.000060
5.370000 0.000064
5.380000 0.000068
5.390000 0.000072
5.400000 0.000076
5.410000 0.000080
5.420000 0.000083
5.430000 0.000087
5.440000 0.000091
5.450000 0.000095
5.460000 0.000098
5.470000 0.000102
5.480000 0.000105
5.490000 0.000108
5.500000 0.000112
5.510000 0.000115
5.520000 0.000118
5.530000 0.000121
5.540000 0.000124
5.550000 0.000127
5.560000 0.000130
5.570000 0.000132
5.580000 0.000135
5.590000 0.000138
5.600000 0.000140
5.610000 0.000142
5.620000 0.000144
5.630000 0.000146
5.640000 0.000148
5.650000 0.000150
5.660000 0.000152
5.670000 0.000154
5.680000 0.000155
5.690000 0.000157
5.700000 0.000158
5.710000 0.000159
5.720000 0.000160
5.730000 0.000161
5.740000 0.000162
5.750000 0.000162
5.760000 0.000163
5.770000 0.000163
5.780000 0.000164
5.790000 0.000164
5.800000 0.000164
5.810000 0.000164
5.820000 0.000163
5.830000 0.000163
5.840000 0.000163
5.850000 0.000162
5.860000 0.000161
5.870000 0.000160
5.880000 0.000159
5.890000 0.000158
5.900000 0.000157
5.910000 0.000155
5.920000 0.000154
5.930000 0.000152
5.940000 0.000151
5.950000 0.000149
5.960000 0.000147
5.970000 0.000144
5.980000 0.000142
5.990000 0.000140
6.000000 0.000137
6.010000 0.000135
6.020000 0.000132
6.030000 0.000129
6.040000 0.000126
6.050000 0.000123
6.060000 0.000120
6.070000 0.000116
6.080000 0.000113
6.090000 0.000110
6.100000 0.000106
6.110000 0.000102
6.120000 0.000099
6.130000 0.000095
6.140000 0.000091
6.150000 0.000087
6.160000 0.000083
6.170000 0.000078
6.180000 0.000074
6.190000 0.000070
6.200000 0.000065
6.210000 0.000061
6.220000 0.000057
6.230000 0.000052
6.240000 0.000047
6.250000 0.000043
6.260000 0.000038
6.270000 0.000033
6.280000 0.000029
6.290000 0.000024
6.300000 0.000019
6.310000 0.000014
6.320000 0.000009
6.330000 0.000005
6.340000 -0.000000
6.350000 -0.000005
6.360000 -0.000010
6.370000 -0.000015
6.380000 -0.000020
6.390000 -0.000024
6.400000 -0.000029
6.410000 -0.000034
6.420000 -0.000038
6.430000 -0.000043
6.440000 -0.000048
6.450000 -0.000052
6.460000 -0.000057
6.470000 -0.000061
6.480000 -0.000066
6.490000 -0.000070
6.500000 -0.000074
6.510000 -0.000079
6.520000 -0.000083
6.530000 -0.000087
6.540000 -0.000091
6.550000 -0.000095
6.560000 -0.000098
6.570000 -0.000102
6.580000 -0.000105
6.590000 -0.000109
6.600000 -0.000112
6.610000 -0.000115
6.620000 -0.000119
6.630000 -0.000122
6.640000 -0.000124
6.650000 -0.000127
6.660000 -0.000130
6.670000 -0.000132
6.680000 -0.000134
6.690000 -0.000137
6.700000 -0.000139
6.710000 -0.000140
6.720000 -0.000142
6.730000 -0.000144
6.740000 -0.000145
6.750000 -0.000146
6.760000 -0.000147
6.770000 -0.000148
6.780000 -0.000149
6.790000 -0.000150
6.800000 -0.000150
6.810000 -0.000150
6.820000 -0.000150
6.830000 -0.000150
6.840000 -0.000150
6.850000 -0.000150
6.860000 -0.000149
6.870000 -0.000148
6.880000 -0.000148
6.890000 -0.000146
6.900000 -0.000145
6.910000 -0.000144
6.920000 -0.000142
6.930000 -0.000140
6.940000 -0.000139
6.950000 -0.000137
6.960000 -0.000134
6.970000 -0.000132
6.980000 -0.000129
6.990000 -0.000127
7.000000 -0.000124
7.010000 -0.000121
7.020000 -0.000118
7.030000 -0.000115
7.040000 -0.000111
7.050000 -0.000108
7.060000 -0.000104
7.070000 -0.000100
7.080000 -0.000096
7.090000 -0.000092
7.100000 -0.000088
7.110000 -0.000084
7.120000 -0.000080
7.130000 -0.000075
7.140000 -0.000071
7.150000 -0.000066
7.160000 -0.000061
7.170000 -0.000057
7.180000 -0.000052
7.190000 -0.000047
7.200000 -0.000042
7.210000 -0.000037
7.220000 -0.000032
7.230000 -0.000027
7.240000 -0.000022
7.250000 -0.000017
7.260000 -0.000011
7.270000 -0.000006
7.280000 -0.000001
7.290000 0.000004
7.300000 0.000009
7.310000 0.000015
7.320000 0.000020
7.330000 0.000025
7.340000 0.000030
7.350000 0.000035
7.360000 0.000040
7.370000 0.000045
7.380000 0.000050
7.390000 0.000055
7.400000 0.000060
7.410000 0.000064
7.420000 0.000069
7.430000 0.000073
7.440000 0.000078
7.450000 0.000082
7.460000 0.000086
7.470000 0.000090
7.480000 0.000094
7.490000 0.000098
7.500000 0.000102
7.510000 0.000105
7.520000 0.000109
7.530000 0.000112
7.540000 0.000115
7.550000 0.000118
7.560000 0.000121
7.570000 0.000124
7.580000 0.000126
7.590000 0.000128
7.600000 0.000131
7.610000 0.000133
7.620000 0.000134
7.630000 0.000136
7.640000 0.000137
7.650000 0.000138
7.660000 0.000139
7.670000 0.000140
7.680000 0.000141
7.690000 0.000141
7.700000 0.000141
7.710000 0.000141
7.720000 0.000141
7.730000 0.000141
7.740000 0.000140
7.750000 0.000139
7.760000 0.000138
7.770000 0.000137
7.780000 0.000135
7.790000 0.000134
7.800000 0.000132
7.810000 0.000130
7.820000 0.000128
7.830000 0.000125
7.840000 0.000123
7.850000 0.000120
7.860000 0.000117
7.870000 0.000114
7.880000 0.000111
7.890000 0.000107
7.900000 0.000103
7.910000 0.000100
7.920000 0.000096
7.930000 0.000092
7.940000 0.000087
7.950000 0.000083
7.960000 0.000079
7.970000 0.000074
7.980000 0.000069
7.990000 0.000064
8.000000 0.000060
8.010000 0.000055
8.020000 0.000049
8.030000 0.000044
8.040000 0.000039
8.050000 0.000034
8.060000 0.000028
8.070000 0.000023
8.080000 0.000018
8.090000 0.000012
8.100000 0.000007
8.110000 0.000001
8.120000 -0.000004
8.130000 -0.000010
8.140000 -0.000015
8.150000 -0.000021
8.160000 -0.000026
8.170000 -0.000032
8.180000 -0.000037
8.190000 -0.000042
8.200000 -0.000047
8.210000 -0.000052
8.220000 -0.000058
8.230000 -0.000062
8.240000 -0.000067
8.250000 -0.000072
8.260000 -0.000077
8.270000 -0.000081
8.280000 -0.000085
8.290000 -0.000090
8.300000 -0.000094
8.310000 -0.000098
8.320000 -0.000101
8.330000 -0.000105
8.340000 -0.000108
8.350000 -0.000111
8.360000 -0.000114
8.370000 -0.000117
8.380000 -0.000120
8.390000 -0.000122
8.400000 -0.000125
8.410000 -0.000127
8.420000 -0.000128
8.430000 -0.000130
8.440000 -0.000131
8.450000 -0.000132
8.460000 -0.000133
8.470000 -0.000134
8.480000 -0.000134
8.490000 -0.000134
8.500000 -0.000134
8.510000 -0.000134
8.520000 -0.000133
8.530000 -0.000133
8.540000 -0.000132
8.550000 -0.000130
8.560000 -0.000129
8.570000 -0.000127
8.580000 -0.000125
8.590000 -0.000123
8.600000 -0.000121
8.610000 -0.000118
8.620000 -0.000115
8.630000 -0.000112
8.640000 -0.000109
8.650000 -0.000106
8.660000 -0.000102
8.670000 -0.000098
8.680000 -0.000094
8.690000 -0.000090
8.700000 -0.000086
8.710000 -0.000082
8.720000 -0.000077
8.730000 -0.000072
8.740000 -0.000067
8.750000 -0.000062
8.760000 -0.000057
8.770000 -0.000052
8.780000 -0.000046
8.790000 -0.000041
8.800000 -0.000036
8.810000 -0.000030
8.820000 -0.000024
8.830000 -0.000019
8.840000 -0.000013
8.850000 -0.000007
8.860000 -0.000001
8.870000 0.000004
8.880000 0.000010
8.890000 0.000016
8.900000 0.000021
8.910000 0.000027
8.920000 0.000033
8.930000 0.000038
8.940000 0.000044
8.950000 0.000049
8.960000 0.000054
8.970000 0.000060
8.980000 0.000065
8.990000 0.000070
9.000000 0.000074
9.010000 0.000079
9.020000 0.000083
9.030000 0.000088
9.040000 0.000092
9.050000 0.000096
9.060000 0.000100
9.070000 0.000103
9.080000 0.000107
9.090000 0.000110
9.100000 0.000113
9.110000 0.000115
9.120000 0.000118
9.130000 0.000120
9.140000 0.000122
9.150000 0.000124
9.160000 0.000125
9.170000 0.000127
9.180000 0.000128
9.190000 0.000128
9.200000 0.000129
9.210000 0.000129
9.220000 0.000129
9.230000 0.000128
9.240000 0.000128
9.250000 0.000127
9.260000 0.000126
9.270000 0.000124
9.280000 0.000123
9.290000 0.000121
9.300000 0.000119
9.310000 0.000116
9.320000 0.000113
9.330000 0.000111
9.340000 0.000107
9.350000 0.000104
9.360000 0.000100
9.370000 0.000097
9.380000 0.000092
9.390000 0.000088
9.400000 0.000084
9.410000 0.000079
9.420000 0.000074
9.430000 0.000070
9.440000 0.000064
9.450000 0.000059
9.460000 0.000054
9.470000 0.000048
9.480000 0.000043
9.490000 0.000037
9.500000 0.000031
9.510000 0.000026
9.520000 0.000020
9.530000 0.000014
9.540000 0.000008
9.550000 0.000002
9.560000 -0.000004
9.570000 -0.000010
9.580000 -0.000016
9.590000 -0.000022
9.600000 -0.000028
9.610000 -0.000034
9.620000 -0.000039
9.630000 -0.000045
9.640000 -0.000051
9.650000 -0.000056
9.660000 -0.000061
9.670000 -0.000066
9.680000 -0.000071
9.690000 -0.000076
9.700000 -0.000081
9.710000 -0.000085
9.720000 -0.000090
9.730000 -0.000094
9.740000 -0.000098
9.750000 -0.000101
9.760000 -0.000105
9.770000 -0.000108
9.780000 -0.000111
9.790000 -0.000113
9.800000 -0.000116
9.810000 -0.000118
9.820000 -0.000120
9.830000 -0.000121
9.840000 -0.000122
9.850000 -0.000123
9.860000 -0.000124
9.870000 -0.000124
9.880000 -0.000124
9.890000 -0.000124
9.900000 -0.000124
9.910000 -0.000123
9.920000 -0.000122
9.930000 -0.000120
9.940000 -0.000119
9.950000 -0.000117
9.960000 -0.000114
9.970000 -0.000112
9.980000 -0.000109
9.990000 -0.000106
